00000.jpg;582;585;487;497
00007.jpg;827;831;424;428
00011.jpg;456;459;374;381
00015.jpg;522;523;427;433
00023.jpg;51;84;381;437
00024.jpg;115;141;466;468
00027.jpg;106;147;382;423
00035.jpg;3;9;503;508
00036.jpg;896;901;518;522
00039.jpg;49;51;559;565
00040.jpg;17;21;527;540
00041.jpg;8;32;376;387
00045.jpg;210;210;601;607
00050.jpg;101;102;592;596
00055.jpg;330;335;538;542
00059.jpg;400;401;543;550
00068.jpg;684;735;543;548
00073.jpg;742;745;488;493
00078.jpg;625;634;542;545
00083.jpg;40;44;659;663
00085.jpg;110;115;578;591
00091.jpg;103;107;537;542
00097.jpg;326;332;504;509
